4294967278,299
4294967278,298
4294967278,314
4294967278,304
4294967278,301
4294967279,423
4294967279,404
4294967279,408
4294967279,407
4294967279,412
4294967279,411
4294967278,305
4294967294,116
4294967279,278
5406,7
5406,6
4294967279,136
5406,5
5406,4
5406,3
5406,2
5406,1
4294967278,300
5403,7
5403,6
5403,5
5403,4
5403,3
5403,2
5403,1
4294967278,327
4294967278,224
4294967279,218
4294967294,926
4294967279,212
4294967278,205
5399,6
5399,5
5399,4
5399,3
5399,2
5399,1
4294967279,196
4294967278,189
5396,6
4294967278,180
5396,5
5396,4
5396,3
5396,2
5396,1
5393,5
5393,4
5393,3
5393,2
5393,1
4294967279,441
4294967278,423
4294967294,448
4294967294,402
5392,6
5392,5
5392,4
5392,3
5392,2
5392,1
4294967278,295
4294967278,390
4294967278,294
4294967279,141
4294967279,298
5389,5
5389,4
5389,3
5389,2
5389,1
4294967294,1355
4294967294,963
4294967294,190
4294967278,293
5388,5
5388,4
5388,3
5388,2
5388,1
5387,6
4294967279,258
5387,5
5387,4
5387,3
5387,2
5387,1
4294967278,335
4294967278,374
5386,5
4294967278,253
5386,4
4294967278,252
5386,3
5386,2
5386,1
4294967279,493
4294967278,317
5385,4
5385,3
5385,2
5385,1
4294967294,430
5384,5
4294967278,228
5384,4
5384,3
5384,2
5384,1
4294967278,226
4294967294,399
4294967294,954
4294967294,167
4294967294,183
4294967294,398
4294967294,406
4294967294,415
4294967294,535
4294967294,109
4294967294,110
4294967294,180
4294967278,331
4294967279,392
4294967278,211
4294967279,396
4294967278,426
4294967278,427
4294967279,286
4294967279,395
4294967279,312
4294967278,289
4294967278,311
4294967278,241
4294967279,394
4294967278,188
4294967278,442
4294967279,302
4294967278,429
4294967278,329
4294967279,400
4294967279,160
4294967294,964
4294967279,388
4294967279,150
4294967279,149
4294967294,409
4294967294,454
4294967294,458
4294967294,414
4294967279,135
4294967278,384
4294967279,271
4294967279,265
4294967279,266
4294967279,284
4294967278,338
4294967279,402
4294967278,337
4294967278,336
4294967278,254
4294967278,333
4294967279,387
4294967278,281
4294967278,237
4294967279,238
4294967278,234
4294967278,232
4294967279,232
4294967278,230
4294967279,226
4294967279,224
4294967278,222
4294967279,306
4294967279,220
4294967278,216
4294967279,213
4294967278,214
4294967279,280
4294967278,213
4294967278,212
4294967279,435
4294967278,209
4294967278,208
4294967278,206
4294967279,207
4294967279,206
4294967279,205
4294967279,283
4294967278,200
4294967278,199
4294967294,955
4294967279,199
4294967278,195
4294967278,288
4294967278,193
4294967279,193
4294967279,386
4294967278,187
4294967278,186
4294967279,187
4294967278,185
4294967279,185
4294967279,184
4294967278,182
4294967279,183
4294967278,181
4294967293,131
4294967293,130
4294967293,129
4294967293,128
4294967293,127
4294967293,126
4294967293,125
4294967293,124
4294967293,123
4294967293,122
4294967293,121
4294967293,120
4294967293,119
4294967293,118
4294967293,117
4294967293,116
4294967293,115
4294967293,114
4294967293,113
4294967293,112
4294967293,111
4294967293,110
4294967293,109
4294967293,108
4294967293,107
4294967293,106
4294967293,105
4294967293,104
4294967293,103
4294967293,102
4294967293,101
4294967293,100
4294967293,99
4294967293,98
4294967293,97
4294967293,96
4294967293,95
4294967293,94
4294967293,93
4294967293,92
4294967293,91
4294967293,90
4294967293,89
4294967293,87
4294967293,86
4294967293,85
4294967293,84
4294967293,83
4294967293,82
4294967293,81
4294967293,80
4294967293,79
4294967293,78
4294967293,77
4294967293,76
4294967293,75
4294967293,74
4294967293,73
4294967293,72
4294967293,71
4294967293,70
4294967293,69
4294967293,68
4294967293,67
4294967293,66
4294967293,65
4294967293,64
4294967293,63
4294967293,62
4294967293,61
4294967293,60
4294967293,59
4294967293,58
4294967293,57
4294967293,56
4294967293,55
4294967293,54
4294967293,53
4294967293,52
4294967293,51
4294967293,50
4294967293,49
4294967293,48
4294967293,47
4294967293,46
4294967293,45
4294967293,44
4294967293,43
4294967293,42
4294967293,41
4294967293,40
4294967293,39
4294967293,38
4294967293,37
4294967293,36
4294967293,35
4294967293,34
4294967293,33
4294967293,32
4294967293,31
4294967293,30
4294967293,29
4294967293,28
4294967293,27
4294967293,26
4294967293,25
4294967293,24
4294967293,23
4294967293,22
4294967293,21
4294967293,20
4294967293,19
4294967293,18
4294967293,17
4294967293,16
4294967293,15
4294967293,14
4294967293,13
4294967293,12
4294967293,11
4294967293,10
4294967293,9
4294967293,8
4294967293,7
4294967293,6
4294967293,5
4294967293,4
4294967293,3
4294967278,121
4294967278,120
4294967278,119
4294967278,118
4294967278,117
4294967278,116
4294967278,115
4294967278,111
4294967278,296
4294967278,110
4294967278,109
4294967278,108
4294967278,443
4294967278,107
4294967278,106
4294967278,105
4294967278,245
4294967278,104
4294967278,103
4294967278,102
4294967278,101
4294967278,100
4294967278,99
4294967278,98
4294967278,97
4294967278,274
4294967278,96
4294967278,398
4294967278,95
4294967278,94
4294967278,283
4294967278,93
4294967278,92
4294967278,91
4294967278,90
4294967278,89
4294967278,87
4294967278,86
4294967278,85
4294967278,84
4294967278,83
4294967278,82
4294967278,81
4294967278,80
4294967278,79
4294967278,78
4294967278,77
4294967278,76
4294967278,75
4294967278,74
4294967278,73
4294967278,72
4294967278,71
4294967278,310
4294967278,70
4294967278,69
4294967278,418
4294967278,68
4294967278,67
4294967278,64
4294967278,62
4294967278,61
4294967278,273
4294967278,60
4294967278,59
4294967278,58
4294967278,433
4294967278,57
4294967278,56
4294967278,55
4294967278,53
4294967278,50
4294967278,441
4294967278,49
4294967278,48
4294967278,47
4294967278,45
4294967278,44
4294967278,43
4294967278,42
4294967278,36
4294967278,320
4294967278,402
4294967278,386
4294967278,346
4294967278,419
4294967278,365
4294967279,275
4294967279,94
4294967279,89
4294967279,410
4294967279,243
4294967279,415
4294967279,314
4294967279,84
4294967279,83
4294967279,81
4294967279,80
4294967279,79
4294967279,78
4294967279,281
4294967279,77
4294967279,76
4294967279,75
4294967279,74
4294967279,73
4294967279,72
4294967279,71
4294967279,70
4294967279,69
4294967279,68
4294967279,67
4294967279,64
4294967279,174
4294967279,449
4294967279,62
4294967279,61
4294967279,60
4294967279,59
4294967279,58
4294967279,57
4294967279,56
4294967279,55
4294967279,54
4294967279,52
4294967279,51
4294967279,50
4294967279,489
4294967279,49
4294967279,47
4294967279,44
4294967279,43
4294967279,42
4294967279,35
4294967279,34
4294967279,33
4294967279,32
4294967279,30
4294967279,29
4294967279,27
4294967279,318
4294967279,25
4294967279,24
4294967279,21
4294967279,20
4294967279,19
4294967279,17
4294967279,14
4294967279,12
4294967279,11
4294967279,10
4294967279,8
4294967278,66
4294967279,385
4294967279,66
4294967278,65
4294967278,435
4294967279,65
4294967278,63
4294967279,63
4294967278,175
4294967279,176
4294967279,304
4294967278,54
4294967278,168
4294967279,169
4294967294,401
4294967294,960
4294967294,907
4294967279,53
4294967279,390
4294967278,52
4294967278,287
4294967278,51
4294967279,48
4294967279,45
4294967294,968
4294967278,46
4294967279,46
4294967279,459
4294967278,157
4294967278,41
4294967279,156
4294967279,40
4294967279,311
4294967279,36
4294967279,37
4294967279,310
4294967279,145
4294967294,395
4294967294,396
4294967294,413
4294967294,407
4294967294,421
4294967294,178
4294967294,168
4294967294,918
4294967294,403
4294967294,420
4294967294,384
4294967294,425
4294967294,411
4294967294,112
4294967294,113
4294967294,397
4294967278,421
4294967279,26
4294967279,139
4294967279,279
4294967278,276
4294967279,137
4294967279,23
4294967279,317
4294967279,22
4294967278,446
4294967279,18
4294967279,274
4294967294,115
4294967279,384
4294967279,15
4294967279,287
4294967279,267
4294967294,390
4294967294,469
4294967294,426
4294967294,958
4294967294,1
4294967294,1357
4294967294,908
4294967294,912
4294967294,186
4294967279,7
4294967278,302
4294967279,9
5360,4
4294967279,263
5360,3
5360,2
5360,1
4294967278,259
0,7
4294967279,262
4294967294,0
4294967294,388
4294967294,387
4294967279,6
4294967279,5
4294967279,307
4294967278,387
4294967279,4
4294967278,132
4294967278,131
4294967278,130
4294967278,129
4294967294,392
4294967294,441
4294967294,389
4294967294,114
4294967294,120
4294967279,454
4294967278,128
4294967278,284
4294967294,2
4294967279,319
4294967278,127
4294967279,299
4294967278,126
4294967278,437
4294967279,316
4294967278,285
4294967278,125
4294967279,260
4294967279,0
4294967294,89
4294967278,124
4294967294,927
4294967294,40
4294967294,38
4294967294,37
4294967279,252
4294967278,123
4294967294,107
4294967294,50
4294967294,91
4294967294,90
4294967294,87
4294967294,86
4294967294,85
4294967294,84
4294967294,419
4294967294,959
4294967294,28
4294967294,956
4294967294,29
4294967294,925
4294967294,27
4294967294,53
4294967294,393
4294967294,45
4294967294,1358
4294967294,44
4294967294,36
4294967294,39
4294967294,96
4294967294,94
4294967294,9
4294967294,8
4294967278,122
4294967294,22
4294967294,17
4294967294,42
4294967294,67
4294967294,99
4294967294,76
4294967294,41
4294967294,1359
4294967294,43
4294967294,417
4294967294,51
4294967294,52
4294967294,25
4294967294,957
4294967294,26
4294967294,93
4294967294,95
4294967294,46
4294967278,246
4294967278,244
4294967279,244
4294967278,242
4294967294,974
4294967294,81
4294967294,971
4294967294,82
4294967294,1356
4294967294,83
4294967294,68
4294967294,11
4294967294,92
4294967294,88
4294967279,451
4294967278,114
4294967278,279
4294967278,260
4294967278,0
4294967278,113
0,5
4294967294,7
4294967278,112
4294967278,432
4294967294,6
4294967294,5
4294967279,315
4294967278,277
5359,7
5359,6
4294967279,203
5359,5
5359,4
5359,2
5359,1
4294967294,451
5356,7
5356,6
5356,5
5356,4
5356,2
5356,1
4294967279,313
4294967294,472
4294967278,155
4294967278,267
4294967279,219
5352,6
5352,5
5352,4
5352,3
5352,2
5352,1
4294967278,133
4294967278,265
5349,6
5349,5
5349,4
5349,3
5349,2
5349,1
4294967278,262
5346,5
5346,4
5346,3
5346,2
5346,1
4294967294,471
4294967278,341
5345,6
5345,5
5345,4
5345,2
5345,1
4294967279,288
4294967279,208
5342,5
5342,4
5342,3
5342,2
5342,1
4294967278,137
5341,5
5341,4
5341,3
5341,2
5341,1
5340,6
5340,5
4294967279,180
5340,4
5340,3
5340,2
5340,1
4294967294,466
5339,5
5339,4
5339,3
5339,2
5339,1
4294967294,511
5338,4
5338,3
5338,2
5338,1
4294967278,447
5337,5
5337,4
5337,3
5337,2
5337,1
4294967279,309
4294967278,422
4294967279,217
4294967279,235
4294967279,308
4294967278,420
4294967279,223
4294967278,409
4294967278,280
4294967279,233
4294967278,303
4294967279,403
4294967278,408
4294967279,231
4294967279,429
4294967279,236
4294967278,417
4294967279,234
4294967294,179
4294967294,462
4294967294,111
4294967279,216
4294967279,202
4294967279,201
4294967279,241
4294967278,428
4294967279,195
4294967279,179
4294967294,919
4294967294,910
4294967279,161
4294967279,155
4294967278,154
4294967278,153
4294967278,152
4294967278,148
4294967278,144
4294967278,143
4294967278,139
4294967278,136
4294967278,135
4294967279,290
4294967278,269
4294967278,268
4294967278,282
4294967279,303
4294967278,264
4294967278,263
4294967278,278
4294967278,261
4294967279,444
4294967279,401
4294967279,399
4294967279,255
4294967279,250
4294967294,412
4294967279,246
4294967279,475
4294967279,237
4294967279,230
4294967279,228
4294967278,218
4294967279,222
4294967279,247
4294967278,219
4294967279,214
4294967279,211
4294967279,210
4294967279,209
4294967279,204
4294967279,200
4294967294,914
4294967294,170
4294967294,185
4294967279,194
4294967278,235
4294967279,453
4294967279,229
4294967279,192
5313,4
5313,3
5313,2
5313,1
4294967279,277
4294967279,296
4294967279,251
4294967294,467
4294967279,450
4294967279,171
4294967279,170
4294967278,167
4294967279,165
4294967278,413
4294967278,425
4294967278,436
4294967278,380
4294967278,410
4294967278,439
4294967278,361
4294967278,286
4294967278,400
4294967278,375
4294967278,431
4294967279,505
4294967279,492
4294967279,292
4294967279,261
4294967279,90
4294967279,87
4294967279,85
4294967279,225
4294967279,295
4294967279,239
4294967279,476
4294967279,294
4294967279,455
4294967279,138
4294967279,300
4294967279,289
4294967279,215
4294967279,227
4294967279,221
4294967279,473
5312,7
4294967278,438
5312,6
5312,5
5312,4
5312,2
5312,1
4294967278,258
4294967279,425
5309,7
5309,6
5309,5
5309,4
5309,2
5309,1
4294967294,510
4294967278,347
5305,6
5305,5
5305,4
5305,3
5305,2
5305,1
4294967279,297
5302,6
5302,5
5302,4
5302,3
5302,2
5302,1
4294967278,166
5299,5
5299,4
5299,3
5299,2
5299,1
4294967294,509
5298,6
5298,5
5298,4
5298,2
5298,1
4294967294,465
4294967294,460
4294967294,405
5295,5
5295,4
5295,3
5295,2
5295,1
4294967278,392
5294,5
5294,4
5294,3
5294,2
5294,1
5293,6
5293,5
5293,4
5293,3
5293,2
5293,1
4294967279,293
5292,5
5292,4
5292,3
5292,2
5292,1
4294967278,399
5291,4
5291,3
5291,2
5291,1
5290,5
5290,4
5290,3
5290,2
5290,1
4294967294,966
4294967278,239
4294967278,190
4294967278,424
4294967294,463
4294967279,182
4294967279,276
4294967279,166
4294967278,158
4294967278,149
4294967278,145
4294967294,924
4294967279,268
4294967278,339
4294967278,334
4294967278,240
4294967278,236
4294967278,397
4294967278,194
4294967279,191
4294967279,305
4294967279,186
4294967278,383
4294967279,178
4294967279,177
4294967278,173
4294967278,169
4294967278,416
4294967278,162
4294967278,159
4294967279,159
4294967278,156
4294967278,151
4294967278,292
4294967279,144
4294967278,271
4294967278,270
4294967278,266
5266,4
5266,3
5266,2
5266,1
4294967279,432
4294967278,225
4294967294,915
4294967294,922
4294967294,182
4294967278,217
4294967278,291
4294967278,396
4294967278,247
4294967278,406
4294967278,227
4294967278,251
4294967279,506
4294967279,438
4294967279,2
4294967279,509
4294967279,503
4294967279,504
4294967278,356
4294967278,414
5265,7
5265,6
5265,5
5265,4
5265,2
5265,1
4294967279,245
4294967278,434
4294967278,411
4294967294,191
5262,7
5262,6
5262,5
5262,4
5262,2
5262,1
5258,6
5258,5
5258,4
5258,3
5258,2
5258,1
5255,6
5255,5
5255,4
5255,3
5255,2
5255,1
4294967278,407
5252,5
5252,4
5252,3
5252,2
5252,1
4294967294,508
5251,6
5251,5
5251,4
5251,2
5251,1
4294967279,460
4294967279,440
5248,5
5248,4
5248,3
5248,2
5248,1
5247,5
5247,4
5247,3
5247,2
5247,1
5246,6
5246,5
5246,4
5246,3
